function x_d=Tx(d)

x_d=[ 1 0 0 d;
      0 1 0 0;
      0 0 1 0;
      0 0 0 1];
end