function y_d=Ty(d)

y_d=[ 1 0 0 0;
      0 1 0 d;
      0 0 1 0;
      0 0 0 1];
 end