function z_d=Tz(d)

z_d=[ 1 0 0 0;
      0 1 0 0;
      0 0 1 d;
      0 0 0 1];
end